           1           2   1.59840013775577     
           4           6  0.969162190851096     
           5           6   1.20761498920436     
           1           7   1.20756577087013     
           6           8   1.59833728458950     
           2           9   1.26994329695022     
           1          10  0.969161221953506     
           8          11  0.962128535632360     
           7          12   1.13968970800839     
           9          12   1.44919873026947     
           3          13  0.960591817163957     
           8          13   1.26999217219380     
           9          14  0.960583690923124     
           5          15   1.13971395919390     
          12          15   1.15749358712226     
          13          15   1.44915091718400     
           2          16  0.962126062339976     
