           1           2   1.59829754233530     
           4           6  0.969181130145398     
           5           6   1.20757422172053     
           1           7   1.20756981596075     
           6           8   1.59828614007433     
           2           9   1.27010360928909     
           1          10  0.969181437729784     
           8          11  0.962125309020955     
           7          12   1.13976726888955     
           9          12   1.44921952073905     
           3          13  0.960491332777912     
           8          13   1.27011541293846     
           9          14  0.960494229753541     
           5          15   1.13977542935431     
          12          15   1.15740635254073     
          13          15   1.44920832899630     
           2          16  0.962125217824499     
