           1           2  0.971251080775061     
           2           3   1.44086129538712     
           3           4  0.971251182127172     
           3           5   1.44085470141174     
           5           6  0.971251185907356     
           2           7  0.113569800790526     
           5           7   1.44086147652954     
           7           8  0.971251167037967     
           3           9  0.113569918464296     
           7           9   1.44085469632947     
           9          10  0.971251123119358     
           2          11   1.44085495820562     
           5          11  0.113569756700344     
           9          11   1.44086138358306     
          11          12  0.971251087936334     
          13          14  0.971251181840081     
          14          15   1.44086124061402     
          15          16  0.971251315066408     
          15          17   1.44085464705509     
          17          18  0.971251340180392     
          14          19  0.113569789270060     
          17          19   1.44086142643262     
          19          20  0.971251280406343     
          15          21  0.113569907657342     
          19          21   1.44085464658983     
          21          22  0.971251216268081     
          14          23   1.44085492652669     
          17          23  0.113569735290776     
          21          23   1.44086135084979     
          23          24  0.971251143979564     
