           1           2  0.971187906521363     
           2           3   1.44079242042487     
           3           4  0.971188006446154     
           3           5   1.44078582586315     
           5           6  0.971188009188133     
           2           7  0.113546664767813     
           5           7   1.44079260151705     
           7           8  0.971187992347520     
           3           9  0.113546782323607     
           7           9   1.44078581927018     
           9          10  0.971187949306823     
           2          11   1.44078607900857     
           5          11  0.113546621283549     
           9          11   1.44079250569051     
          11          12  0.971187915799898     
          13          14  0.971188023587868     
          14          15   1.44079234711507     
          15          16  0.971188158561262     
          15          17   1.44078575149584     
          17          18  0.971188185141574     
          14          19  0.113546648543774     
          17          19   1.44079253273538     
          19          20  0.971188122938170     
          15          21  0.113546766990535     
          19          21   1.44078575264301     
          21          22  0.971188057649111     
          14          23   1.44078603501622     
          17          23  0.113546594002802     
          21          23   1.44079246070273     
          23          24  0.971187983623998     
