           1           2  0.971523344222635     
           2           3   1.44113683298279     
           3           4  0.971523450986203     
           3           5   1.44113024046779     
           5           6  0.971523458911972     
           2           7  0.113664047748759     
           5           7   1.44113701508218     
           7           8  0.971523431108632     
           3           9  0.113664165808547     
           7           9   1.44113024119383     
           9          10  0.971523384498242     
           2          11   1.44113051175306     
           5          11  0.113664000639714     
           9          11   1.44113693313027     
          11          12  0.971523342142767     
          13          14  0.971523375957659     
          14          15   1.44113685452714     
          15          16  0.971523499895130     
          15          17   1.44113026826065     
          17          18  0.971523517853098     
          14          19  0.113664056684317     
          17          19   1.44113704152123     
          19          20  0.971523469526237     
          15          21  0.113664174883398     
          19          21   1.44113026087021     
          21          22  0.971523412018123     
          14          23   1.44113052992190     
          17          23  0.113664005331196     
          21          23   1.44113695003585     
          23          24  0.971523348695583     
