           1           2   1.59833767983040     
           4           6  0.969152337361715     
           5           6   1.20768543128751     
           1           7   1.20758600718901     
           6           8   1.59829507442132     
           2           9   1.27004718726008     
           1          10  0.969144752956473     
           8          11  0.962122157796579     
           7          12   1.13978874555186     
           9          12   1.44898206405427     
           3          13  0.960631702450111     
           8          13   1.27004413324555     
           9          14  0.960594609748057     
           5          15   1.13970793206690     
          12          15   1.15761563971928     
          13          15   1.44899329141517     
           2          16  0.962123011269847     
