$hessian                                                                        
        0.0425705957   0.0087174150  -0.0682978933  -0.0425707354  -0.0087175235
        0.0682975059
        0.0087174150   0.1155776511   0.0080422934  -0.0087174022  -0.1155776146
       -0.0080422478
       -0.0682978933   0.0080422934   0.0535928081   0.0682977924  -0.0080423934
       -0.0535932792
       -0.0425707354  -0.0087174022   0.0682977924   0.0425708752   0.0087175106
       -0.0682974050
       -0.0087175235  -0.1155776146  -0.0080423934   0.0087175106   0.1155775781
        0.0080423478
        0.0682975059  -0.0080422478  -0.0535932792  -0.0682974050   0.0080423478
        0.0535937504
