           1           2  0.971608378920586     
           2           3   1.44123112045937     
           3           4  0.971608369309051     
           3           5   1.44122459270288     
           5           6  0.971608326218066     
           2           7  0.113696324594233     
           5           7   1.44123134562100     
           7           8  0.971608343266323     
           3           9  0.113696418969943     
           7           9   1.44122453135048     
           9          10  0.971608402057577     
           2          11   1.44122475572159     
           5          11  0.113696254826768     
           9          11   1.44123121077188     
          11          12  0.971608410206020     
          13          14  0.971608383339821     
          14          15   1.44123115436107     
          15          16  0.971608386148837     
          15          17   1.44122463793985     
          17          18  0.971608342994617     
          14          19  0.113696339122980     
          17          19   1.44123138848461     
          19          20  0.971608354632712     
          15          21  0.113696433888442     
          19          21   1.44122456174399     
          21          22  0.971608404363709     
          14          23   1.44122478412797     
          17          23  0.113696263962585     
          21          23   1.44123123770131     
          23          24  0.971608403496730     
