           1           2  0.971596324310652     
           2           3   1.44125028183691     
           3           4  0.971596332699999     
           3           5   1.44124374776494     
           5           6  0.971596297401524     
           2           7  0.113702558061962     
           5           7   1.44125050384280     
           7           8  0.971596307387363     
           3           9  0.113702651881250     
           7           9   1.44124368576806     
           9          10  0.971596348764772     
           2          11   1.44124391747241     
           5          11  0.113702484964768     
           9          11   1.44125037666294     
          11          12  0.971596346158555     
          13          14  0.971596325451832     
          14          15   1.44125029309458     
          15          16  0.971596340994808     
          15          17   1.44124376311794     
          17          18  0.971596306952753     
          14          19  0.113702564631662     
          17          19   1.44125051910912     
          19          20  0.971596312471453     
          15          21  0.113702659249347     
          19          21   1.44124369592926     
          21          22  0.971596348326726     
          14          23   1.44124392818238     
          17          23  0.113702489185424     
          21          23   1.44125038621964     
          23          24  0.971596340429166     
