           1           2   1.44125855323291     
           2           3   1.44124793047479     
           1           4  0.113704491144822     
           3           4   1.44125913494252     
           2           5  0.113704272232485     
           4           5   1.44124687759054     
           1           6   1.44124763871386     
           3           6  0.113703780062826     
           5           6   1.44125948701066     
           1           7  0.971587416858927     
           2           8  0.971587370436884     
           3           9  0.971587406705831     
           4          10  0.971587546754322     
           5          11  0.971587487460750     
           6          12  0.971587330521559     
