           1           2  0.971602243642058     
           2           3   1.44124545319741     
           3           4  0.971602245253625     
           3           5   1.44123892072563     
           5           6  0.971602207031517     
           2           7  0.113700965316022     
           5           7   1.44124567611939     
           7           8  0.971602219688930     
           3           9  0.113701059373437     
           7           9   1.44123885946400     
           9          10  0.971602267628850     
           2          11   1.44123908851869     
           5          11  0.113700893647023     
           9          11   1.44124554655554     
          11          12  0.971602269187621     
          13          14  0.971602245720175     
          14          15   1.44124547527456     
          15          16  0.971602256548614     
          15          17   1.44123895011529     
          17          18  0.971602219136705     
          14          19  0.113700975512527     
          17          19   1.44124570452306     
          19          20  0.971602226829921     
          15          21  0.113701070346988     
          19          21   1.44123887931155     
          21          22  0.971602267917062     
          14          23   1.44123910772780     
          17          23  0.113700900236777     
          21          23   1.44124556429850     
          23          24  0.971602262511782     
