           1           2  0.971602042323232     
           2           3   1.44121878047550     
           3           4  0.971602027845294     
           3           5   1.44121225487903     
           5           6  0.971601982590989     
           2           7  0.113692213817494     
           5           7   1.44121900661978     
           7           8  0.971602001707806     
           3           9  0.113692308217640     
           7           9   1.44121219293011     
           9          10  0.971602065372643     
           2          11   1.44121241480429     
           5          11  0.113692144801816     
           9          11   1.44121886872608     
          11          12  0.971602076398248     
          13          14  0.971602049597872     
          14          15   1.44121881513542     
          15          16  0.971602049806913     
          15          17   1.44121230192202     
          17          18  0.971602004553130     
          14          19  0.113692228946418     
          17          19   1.44121905111267     
          19          20  0.971602017259512     
          15          21  0.113692323602105     
          19          21   1.44121222403398     
          21          22  0.971602070135847     
          14          23   1.44121244458595     
          17          23  0.113692153577185     
          21          23   1.44121889709692     
          23          24  0.971602070833984     
