           1           2  0.971595066711626     
           2           3   1.44125128426077     
           3           4  0.971595076873027     
           3           5   1.44124474996598     
           5           6  0.971595042320702     
           2           7  0.113702912715075     
           5           7   1.44125150611360     
           7           8  0.971595051545817     
           3           9  0.113703006506179     
           7           9   1.44124468775838     
           9          10  0.971595091238770     
           2          11   1.44124492016570     
           5          11  0.113702839233293     
           9          11   1.44125137948168     
          11          12  0.971595087520270     
          13          14  0.971595067497139     
          14          15   1.44125129266315     
          15          16  0.971595084011173     
          15          17   1.44124476163557     
          17          18  0.971595050710737     
          14          19  0.113702918350109     
          17          19   1.44125151784234     
          19          20  0.971595055842796     
          15          21  0.113703012881496     
          19          21   1.44124469533053     
          21          22  0.971595090576579     
          14          23   1.44124492843087     
          17          23  0.113702842896600     
          21          23   1.44125138673549     
          23          24  0.971595082207606     
