           1           2   1.60263910913233     
           2           3   1.19304818881385     
           3           4   1.12410862501948     
           4           5   1.16395467295877     
           5           6   1.47843658993284     
           6           7   1.34290347939520     
           7           8   1.47235718707241     
           8           9   1.17482781118700     
           9          10   1.47229085998953     
          10          11   1.34299776162795     
          11          12   1.47836177787849     
          12          13   1.16396913507638     
          13          14   1.50445186897323     
          14          15   1.30119482245403     
          15          16   1.60266274986585     
          13          17   1.12408157478209     
          16          17   1.19304463199465     
           9          18   1.11831605579180     
          12          18   1.12190318988827     
           5          19   1.12187681333718     
           8          19   1.11828828127917     
           1          20   1.30122687381686     
           4          20   1.50443533811554     
           1          21  0.964650683431906     
           2          22  0.970426081061204     
           6          23  0.961057508949643     
           7          24  0.960952954549676     
          10          25  0.960927829685591     
          11          26  0.961043198498325     
          14          27  0.961640796111273     
          15          28  0.964650229354087     
          16          29  0.970423688021879     
          20          30  0.961625053701886     
