           1           2   1.60873787337695     
           2           3   1.19153946193502     
           2           4  0.101347525637554     
           3           4   1.12735613412663     
           4           5   1.15041912518857     
           5           6   1.51775939203501     
           6           7   1.29554285690541     
           5           8  0.101414319574834     
           7           8   1.60843366855395     
           5           9   1.12745043021805     
           8           9   1.19169043846088     
           1          10   1.29529684773218     
           4          10   1.51794178363959     
           1          11  0.964753295489024     
           2          12  0.970508005006422     
           6          13  0.961922694176728     
           7          14  0.964786926574786     
           8          15  0.970516208228649     
          10          16  0.961871880253872     
