           1           2  0.971393157359392     
           2           3   1.44100919765223     
           3           4  0.971393261737017     
           3           5   1.44100260478023     
           5           6  0.971393267766926     
           2           7  0.113620054694396     
           5           7   1.44100937905686     
           7           8  0.971393244321210     
           3           9  0.113620172597304     
           7           9   1.44100260295142     
           9          10  0.971393198683185     
           2          11   1.44100286951586     
           5          11  0.113620009146665     
           9          11   1.44100929228737     
          11          12  0.971393159774847     
          13          14  0.971393222501232     
          14          15   1.44100918374644     
          15          16  0.971393351441673     
          15          17   1.44100259450290     
          17          18  0.971393373095754     
          14          19  0.113620053881550     
          17          19   1.44100937008222     
          19          20  0.971393318961397     
          15          21  0.113620172155938     
          19          21   1.44100259041861     
          21          22  0.971393257760022     
          14          23   1.44100286480419     
          17          23  0.113620001213709     
          21          23   1.44100928639098     
          23          24  0.971393189670331     
