           1           2  0.971608489688961     
           2           3   1.44123753083217     
           3           4  0.971608483844649     
           3           5   1.44123100135206     
           5           6  0.971608442397429     
           2           7  0.113698417952988     
           5           7   1.44123775520870     
           7           8  0.971608457909856     
           3           9  0.113698512256171     
           7           9   1.44123094025408     
           9          10  0.971608513049411     
           2          11   1.44123116631580     
           5          11  0.113698347598148     
           9          11   1.44123762236248     
          11          12  0.971608519006347     
          13          14  0.971608492872987     
          14          15   1.44123756213482     
          15          16  0.971608498129676     
          15          17   1.44123104289556     
          17          18  0.971608456781910     
          14          19  0.113698431428844     
          17          19   1.44123779472215     
          19          20  0.971608467256605     
          15          21  0.113698526251735     
          19          21   1.44123096831449     
          21          22  0.971608514309106     
          14          23   1.44123119248234     
          17          23  0.113698356308221     
          21          23   1.44123764701567     
          23          24  0.971608512029312     
