           1           2  0.971352674025802     
           2           3   1.44096806168355     
           3           4  0.971352777572206     
           3           5   1.44096146854020     
           5           6  0.971352782974923     
           2           7  0.113605994534575     
           5           7   1.44096824298387     
           7           8  0.971352760839679     
           3           9  0.113606112377501     
           7           9   1.44096146581232     
           9          10  0.971352715646610     
           2          11   1.44096173106207     
           5          11  0.113605949419172     
           9          11   1.44096815451133     
          11          12  0.971352677796221     
          13          14  0.971352749409934     
          14          15   1.44096803628104     
          15          16  0.971352879641047     
          15          17   1.44096144587210     
          17          18  0.971352902313513     
          14          19  0.113605990658271     
          17          19   1.44096822245696     
          19          20  0.971352846534852     
          15          21  0.113606108961609     
          19          21   1.44096144281724     
          21          22  0.971352784430120     
          14          23   1.44096171879982     
          17          23  0.113605937607706     
          21          23   1.44096814109992     
          23          24  0.971352715085491     
