           1           2  0.971580166667259     
           2           3   1.44119308133002     
           3           4  0.971580145112367     
           3           5   1.44118655864014     
           5           6  0.971580096879390     
           2           7  0.113683472255441     
           5           7   1.44119330887109     
           7           8  0.971580119485450     
           3           9  0.113683566607015     
           7           9   1.44118649509612     
           9          10  0.971580189397642     
           2          11   1.44118671321448     
           5          11  0.113683404348947     
           9          11   1.44119316627910     
          11          12  0.971580204347912     
          13          14  0.971580180450260     
          14          15   1.44119311203248     
          15          16  0.971580177610135     
          15          17   1.44118660258107     
          17          18  0.971580129941423     
          14          19  0.113683486764296     
          17          19   1.44119335052419     
          19          20  0.971580143882842     
          15          21  0.113683581288237     
          19          21   1.44118652270888     
          21          22  0.971580199862450     
          14          23   1.44118674192234     
          17          23  0.113683410869927     
          21          23   1.44119319366722     
          23          24  0.971580202165515     
