           1           2   1.27964667969656     
           2           3   1.27964790664280     
           3           4   1.55801472454725     
           4           5   1.32028460287364     
           3           6  0.118509747293843     
           5           6   1.55801476011415     
           2           7   1.25211575258249     
           6           7   1.27964786756003     
           1           8  0.118509625801438     
           7           8   1.27964671291874     
           8           9   1.55801614524418     
           1          10   1.55801617260553     
           9          10   1.32028323277466     
           1          11  0.968542580559739     
           3          12  0.968542602087198     
           4          13  0.971184252309167     
           5          14  0.971184247991402     
           6          15  0.968542593489186     
           8          16  0.968542582765834     
           9          17  0.971184249732788     
          10          18  0.971184247572609     
