$hessian                                                                        
        0.2674878278   0.0182808133  -0.0000009656  -0.2674878278  -0.0182808133
        0.0000009656
        0.0182808133   0.0012507954  -0.0000000660  -0.0182808133  -0.0012507954
        0.0000000660
       -0.0000009656  -0.0000000660   0.0000015468   0.0000009656   0.0000000660
       -0.0000015468
       -0.2674878278  -0.0182808133   0.0000009656   0.2674878278   0.0182808133
       -0.0000009656
       -0.0182808133  -0.0012507954   0.0000000660   0.0182808133   0.0012507954
       -0.0000000660
        0.0000009656   0.0000000660  -0.0000015468  -0.0000009656  -0.0000000660
        0.0000015468
