           1           2  0.971592280779427     
           2           3   1.44125319724117     
           3           4  0.971592295288625     
           3           5   1.44124666262365     
           5           6  0.971592262553970     
           2           7  0.113703668970502     
           5           7   1.44125341881681     
           7           8  0.971592269748000     
           3           9  0.113703762777159     
           7           9   1.44124660000626     
           9          10  0.971592305354757     
           2          11   1.44124683413596     
           5          11  0.113703594595378     
           9          11   1.44125329345893     
          11          12  0.971592298892514     
          13          14  0.971592280601156     
          14          15   1.44125319887821     
          15          16  0.971592298867388     
          15          17   1.44124666567320     
          17          18  0.971592267060298     
          14          19  0.113703672418630     
          17          19   1.44125342207090     
          19          20  0.971592271664123     
          15          21  0.113703766694463     
          19          21   1.44124660134768     
          21          22  0.971592304255731     
          14          23   1.44124683613131     
          17          23  0.113703597047164     
          21          23   1.44125329488572     
          23          24  0.971592295123283     
