           1           2   1.60389520581834     
           2           3   1.19258105106775     
           3           4   1.12459961756550     
           4           5   1.16166346135734     
           5           6   1.48458757675610     
           6           7   1.33619159377877     
           7           8   1.48461680597429     
           8           9   1.16163553280345     
           9          10   1.50688905712573     
          10          11   1.30002634986995     
          11          12   1.60382852071566     
           9          13   1.12450272065132     
          12          13   1.19265522340955     
           5          14   1.12161922238404     
           8          14   1.12159740665882     
           1          15   1.30000218889152     
           4          15   1.50681866882852     
           1          16  0.964688855615858     
           2          17  0.970445485606913     
           6          18  0.961097072783140     
           7          19  0.961107377777688     
          10          20  0.961710613282656     
          11          21  0.964691683934885     
          12          22  0.970443489766430     
          15          23  0.961721702380296     
