           1           2  0.971606561118120     
           2           3   1.44124124820114     
           3           4  0.971606558239691     
           3           5   1.44123471741781     
           5           6  0.971606518123139     
           2           7  0.113699615985891     
           5           7   1.44124147195012     
           7           8  0.971606532453062     
           3           9  0.113699710200731     
           7           9   1.44123465636011     
           9          10  0.971606584694767     
           2          11   1.44123488364324     
           5          11  0.113699545136814     
           9          11   1.44124134053220     
          11          12  0.971606588946019     
          13          14  0.971606563761425     
          14          15   1.44124127634503     
          15          16  0.971606571153752     
          15          17   1.44123475474886     
          17          18  0.971606531379397     
          14          19  0.113699628305236     
          17          19   1.44124150762234     
          19          20  0.971606540767041     
          15          21  0.113699723150178     
          19          21   1.44123468160192     
          21          22  0.971606585492921     
          14          23   1.44123490736777     
          17          23  0.113699553152406     
          21          23   1.44124136274326     
          23          24  0.971606582022890     
