2.8  0.25123033196265754
2.84  0.1721279540622113
2.88  0.10559013115350434
2.92  0.04987414009019787
2.96  0.003453672575052178
3.0  -0.035004539105818064
3.2  -0.14326700519846478
3.4  -0.17146988189134105
3.6  -0.1648380532545772
3.8  -0.1445759432541032
4.0  -0.12054078885772965
4.2  -0.09715661232108079
4.4  -0.07627229880206891
4.6  -0.05849144858241901
4.8  -0.043807076414111724
5.2  -0.022474349472723407
5.6  -0.009270390500560803
6.0  -0.0015017509066972722
6.4  0.002834507481544713
6.8  0.0051373739227963695
7.2  0.006281070289258826
7.6  0.006731702393209078
8.0  0.006714831352428756
