$hessian                                                                        
        0.5221665309  -0.0438216652   0.0882624064  -0.3756685869  -0.0229550942
        0.0462335598  -0.0732459196  -0.0388855422  -0.1031272911  -0.0732520244
        0.1056623016  -0.0313686750
       -0.0438216652   0.5019114443   0.1110110895   0.0004517066  -0.0456552726
       -0.0095382578  -0.0369800368  -0.1128284939  -0.1597178385   0.0803499953
       -0.3434276778   0.0582450068
        0.0882624064   0.1110110895   0.3333998965  -0.0009039489  -0.0095369935
       -0.0311773449  -0.0728044192  -0.1167436014  -0.2664004003  -0.0145540383
        0.0152695054  -0.0358221513
       -0.3756685869   0.0004517066  -0.0009039489   0.4107070867   0.0017164915
       -0.0034709302  -0.0175164577  -0.0018290677   0.0018185872  -0.0175220421
       -0.0003391305   0.0025562919
       -0.0229550942  -0.0456552726  -0.0095369935   0.0017164915   0.0489131540
        0.0116960785  -0.0207581260  -0.0004688749   0.0000532885   0.0419967287
       -0.0027890065  -0.0022123735
        0.0462335598  -0.0095382578  -0.0311773449  -0.0034709302   0.0116960785
        0.0311525434  -0.0369559136  -0.0039701903  -0.0011454629  -0.0058067159
        0.0018123696   0.0011702643
       -0.0732459196  -0.0369800368  -0.0728044192  -0.0175164577  -0.0207581260
       -0.0369559136   0.0865195284   0.0514286317   0.1010993224   0.0042428489
        0.0063095311   0.0086610105
       -0.0388855422  -0.1128284939  -0.1167436014  -0.0018290677  -0.0004688749
       -0.0039701903   0.0514286317   0.1374450814   0.1565977295  -0.0107140218
       -0.0241477127  -0.0358839378
       -0.1031272911  -0.1597178385  -0.2664004003   0.0018185872   0.0000532885
       -0.0011454629   0.1010993224   0.1565977295   0.2667855190   0.0002093815
        0.0030668206   0.0007603442
       -0.0732520244   0.0803499953  -0.0145540383  -0.0175220421   0.0419967287
       -0.0058067159   0.0042428489  -0.0107140218   0.0002093815   0.0865312176
       -0.1116327022   0.0201513727
        0.1056623016  -0.3434276778   0.0152695054  -0.0003391305  -0.0027890065
        0.0018123696   0.0063095311  -0.0241477127   0.0030668206  -0.1116327022
        0.3703643970  -0.0201486956
       -0.0313686750   0.0582450068  -0.0358221513   0.0025562919  -0.0022123735
        0.0011702643   0.0086610105  -0.0358839378   0.0007603442   0.0201513727
       -0.0201486956   0.0338915428
