           1           2  0.971594107017135     
           2           3   1.44125200431964     
           3           4  0.971594118610507     
           3           5   1.44124546989004     
           5           6  0.971594084657451     
           2           7  0.113703180379751     
           5           7   1.44125222606904     
           7           8  0.971594093241767     
           3           9  0.113703274161971     
           7           9   1.44124540752482     
           9          10  0.971594131581446     
           2          11   1.44124564050124     
           5          11  0.113703106592557     
           9          11   1.44125209986481     
          11          12  0.971594126959965     
          13          14  0.971594107494212     
          14          15   1.44125201044615     
          15          16  0.971594124687545     
          15          17   1.44124547863842     
          17          18  0.971594091931675     
          14          19  0.113703185273404     
          17          19   1.44125223495886     
          19          20  0.971594096822239     
          15          21  0.113703279726551     
          19          21   1.44124541301798     
          21          22  0.971594130750752     
          14          23   1.44124564673720     
          17          23  0.113703109829555     
          21          23   1.44125210522148     
          23          24  0.971594122067286     
