           1           2   1.59785838479718     
           4           6  0.969189390730526     
           5           6   1.20766421173093     
           1           7   1.20786284422185     
           6           8   1.59827090801741     
           2           9   1.27048663635851     
           1          10  0.969170394236857     
           8          11  0.962128654142164     
           7          12   1.14015002090300     
           9          12   1.44888582879047     
           3          13  0.960669731442005     
           8          13   1.27005191636824     
           9          14  0.960488362516455     
           5          15   1.13988882971006     
          12          15   1.15718411046379     
          13          15   1.44922473215910     
           2          16  0.962134445833962     
