           1           2   1.30096808267964     
           2           3   1.30096937719745     
           3           4   1.36104644082314     
           4           5   1.45568743156635     
           5           6   1.36104653497711     
           2           7   1.22048129563964     
           6           7   1.30096955432910     
           7           8   1.30096786158992     
           8           9   1.36104321914522     
           1          10   1.36104321650774     
           9          10   1.45569077964554     
           1          11  0.969763336438673     
           3          12  0.969763198574160     
           4          13  0.969894824417463     
           5          14  0.969894810615036     
           6          15  0.969763101886901     
           8          16  0.969763435099914     
           9          17  0.969894891312594     
          10          18  0.969894908496681     
