           1           2  0.971600548437311     
           2           3   1.44124683118914     
           3           4  0.971600551794773     
           3           5   1.44124029819827     
           5           6  0.971600514316631     
           2           7  0.113701410460868     
           5           7   1.44124705381152     
           7           8  0.971600526314455     
           3           9  0.113701504439047     
           7           9   1.44124023677093     
           9          10  0.971600572576357     
           2          11   1.44124046648338     
           5          11  0.113701338442783     
           9          11   1.44124692493299     
          11          12  0.971600573074911     
          13          14  0.971600550294191     
          14          15   1.44124685062975     
          15          16  0.971600562445411     
          15          17   1.44124032416183     
          17          18  0.971600525947174     
          14          19  0.113701419717905     
          17          19   1.44124707905208     
          19          20  0.971600532999116     
          15          21  0.113701514509241     
          19          21   1.44124025427427     
          21          22  0.971600572668469     
          14          23   1.44124048372507     
          17          23  0.113701344403442     
          21          23   1.44124694075741     
          23          24  0.971600566541772     
