           2           1   1.34318414962726     
           3           2   1.34317020464394     
           4           3   1.34313230562969     
           5           4   1.34318344164610     
           6           1   1.34313283346481     
           6           5   1.34316971421676     
           7           1  0.946209985345795     
           8           2  0.946213645619538     
           9           3  0.946213217154622     
          10           4  0.946210003712379     
          11           5  0.946213650062181     
          12           6  0.946213214432502     
