   -0.04118637
   -0.01913802
   -0.02963324
    0.01991302
    0.02206632
   -0.04776662
   -0.04773651
    0.02171139
    0.02210760
   -0.04748400
   -0.04748826
    0.02211444
    0.02171365
   -0.04773526
   -0.04776252
    0.02206860
    0.01991603
   -0.05027112
   -0.04118741
   -0.01913125
   -0.02964312
   -0.04395147
   -0.04356131
   -0.04392438
   -0.05027180
    0.03950006
    0.04590921
    0.04512454
    0.04472803
    0.04485857
    0.04486057
    0.04472948
    0.04512728
    0.04301189
    0.03949774
    0.04590777
    0.04300645
