           1           2   1.60215858109826     
           2           3   1.19339315202847     
           3           4   1.12395984945927     
           4           5   1.16464518839575     
           5           6   1.47672444702092     
           6           7   1.34479467377553     
           7           8   1.46921417856538     
           8           9   1.17819300836394     
           9          10   1.46526550132110     
          10          11   1.35062507559053     
          11          12   1.46522992222744     
          12          13   1.17822224432130     
          13          14   1.46920324991904     
          14          15   1.34478920136718     
          15          16   1.47672951594947     
          16          17   1.16467918494224     
          17          18   1.50372581574202     
          18          19   1.30162511067406     
          19          20   1.60218400926129     
          17          21   1.12392004816582     
          20          21   1.19338286586310     
          13          22   1.11757654395575     
          16          22   1.12194906578159     
           9          23   1.11833514823108     
          12          23   1.11837094078083     
           5          24   1.12199360626965     
           8          24   1.11758948446663     
           1          25   1.30166081333791     
           4          25   1.50370530247468     
           1          26  0.964639667044110     
           2          27  0.970410910221601     
           6          28  0.961022099756018     
           7          29  0.960865213743717     
          10          30  0.960847765639235     
          11          31  0.960843632133891     
          14          32  0.960864322668053     
          15          33  0.961023885242031     
          18          34  0.961604726222512     
          19          35  0.964640098447191     
          20          36  0.970408534139856     
          25          37  0.961611148929158     
