           1           2  0.971593355822948     
           2           3   1.44125252753005     
           3           4  0.971593368583449     
           3           5   1.44124599301447     
           5           6  0.971593335117863     
           2           7  0.113703385415649     
           5           7   1.44125274920571     
           7           8  0.971593343160093     
           3           9  0.113703479200565     
           7           9   1.44124593053460     
           9          10  0.971593380402345     
           2          11   1.44124616397432     
           5          11  0.113703311386139     
           9          11   1.44125262334276     
          11          12  0.971593375043959     
          13          14  0.971593356040003     
          14          15   1.44125253183205     
          15          16  0.971593373713398     
          15          17   1.44124599943461     
          17          18  0.971593341363528     
          14          19  0.113703389718265     
          17          19   1.44125275580972     
          19          20  0.971593346105932     
          15          21  0.113703484102945     
          19          21   1.44124593434945     
          21          22  0.971593379449541     
          14          23   1.44124616852709     
          17          23  0.113703314294671     
          21          23   1.44125262713438     
          23          24  0.971593370555503     
