$hessian                                                                        
        0.8443945948  -0.0993818785   0.7790195813  -0.8443945948   0.0993818785
       -0.7790195813
       -0.0993818785   0.0116895336  -0.0916830645   0.0993818785  -0.0116895335
        0.0916830645
        0.7790195813  -0.0916830645   0.7186349319  -0.7790195813   0.0916830645
       -0.7186349319
       -0.8443945948   0.0993818785  -0.7790195813   0.8443945948  -0.0993818785
        0.7790195813
        0.0993818785  -0.0116895335   0.0916830645  -0.0993818785   0.0116895335
       -0.0916830645
       -0.7790195813   0.0916830645  -0.7186349319   0.7790195813  -0.0916830645
        0.7186349319
