           1           2  0.971305636113566     
           2           3   1.44091925463149     
           3           4  0.971305738661227     
           3           5   1.44091266112451     
           5           6  0.971305743320568     
           2           7  0.113589396685991     
           5           7   1.44091943584379     
           7           8  0.971305722699564     
           3           9  0.113589514453810     
           7           9   1.44091265732078     
           9          10  0.971305678072279     
           2          11   1.44091292101990     
           5          11  0.113589352054398     
           9          11   1.44091934532926     
          11          12  0.971305641453546     
          13          14  0.971305723385229     
          14          15   1.44091921570945     
          15          16  0.971305855038373     
          15          17   1.44091262387418     
          17          18  0.971305878857453     
          14          19  0.113589389260094     
          17          19   1.44091940171325     
          19          20  0.971305821210941     
          15          21  0.113589507600378     
          19          21   1.44091262201740     
          21          22  0.971305758130491     
          14          23   1.44091289983822     
          17          23  0.113589335774740     
          21          23   1.44091932304185     
          23          24  0.971305687393519     
