           2           1   1.35734477197989     
           3           2   1.35734317052585     
           4           3   1.35734766238670     
           5           4   1.35734478054304     
           6           1   1.35734822732639     
           6           5   1.35734330030931     
           7           1  0.925574963708951     
           8           2  0.925575379799166     
           9           3  0.925575188312134     
          10           4  0.925574965595627     
          11           5  0.925575370197173     
          12           6  0.925575197545573     
