           1           2  0.971114852766090     
           2           3   1.44071053242845     
           3           4  0.971114950989860     
           3           5   1.44070393714874     
           5           6  0.971114952506827     
           2           7  0.113519350989893     
           5           7   1.44071071349102     
           7           8  0.971114938019401     
           3           9  0.113519468397281     
           7           9   1.44070392877939     
           9          10  0.971114896057436     
           2          11   1.44070418601534     
           5          11  0.113519308183955     
           9          11   1.44071061426982     
          11          12  0.971114864510703     
          13          14  0.971114988393096     
          14          15   1.44071043749002     
          15          16  0.971115125313267     
          15          17   1.44070383943192     
          17          18  0.971115153557967     
          14          19  0.113519329383976     
          17          19   1.44071062290030     
          19          20  0.971115088574310     
          15          21  0.113519447905549     
          19          21   1.44070384244251     
          21          22  0.971115022029569     
          14          23   1.44070412762179     
          17          23  0.113519274202870     
          21          23   1.44071055494598     
          23          24  0.971114946052250     
