           2           1   1.44125328636806     
           3           2   1.44125339622121     
           4           3   1.44125333603204     
           5           4   1.44125345611830     
           6           1   1.44125353239121     
           6           5   1.44125323531893     
           7           1  0.971586995181296     
           8           2  0.971587024487618     
           9           3  0.971587023240202     
          10           4  0.971587015782413     
          11           5  0.971587014787083     
          12           6  0.971587001340280     
