           1           2  0.971591894928853     
           2           3   1.44125341116374     
           3           4  0.971591910094954     
           3           5   1.44124687651209     
           5           6  0.971591877635866     
           2           7  0.113703767445917     
           5           7   1.44125363270263     
           7           8  0.971591884499373     
           3           9  0.113703861266469     
           7           9   1.44124681385704     
           9          10  0.971591919494278     
           2          11   1.44124704824366     
           5          11  0.113703692948309     
           9          11   1.44125350753453     
          11          12  0.971591912618038     
          13          14  0.971591894603587     
          14          15   1.44125341182595     
          15          16  0.971591913053565     
          15          17   1.44124687834041     
          17          18  0.971591881429877     
          14          19  0.113703770584816     
          17          19   1.44125363472972     
          19          20  0.971591886007403     
          15          21  0.113703864818375     
          19          21   1.44124681428609     
          21          22  0.971591918355392     
          14          23   1.44124704927168     
          17          23  0.113703695240027     
          21          23   1.44125350807047     
          23          24  0.971591909156777     
