           1           2  0.971592759113957     
           2           3   1.44125291190148     
           3           4  0.971592772832254     
           3           5   1.44124637732718     
           5           6  0.971592739766717     
           2           7  0.113703544404992     
           5           7   1.44125313352143     
           7           8  0.971592747349929     
           3           9  0.113703638199114     
           7           9   1.44124631476600     
           9          10  0.971592783695131     
           2          11   1.44124654858452     
           5          11  0.113703470183071     
           9          11   1.44125300793554     
          11          12  0.971592777731941     
          13          14  0.971592759114391     
          14          15   1.44125291473235     
          15          16  0.971592777131303     
          15          17   1.44124638188146     
          17          18  0.971592745088548     
          14          19  0.113703548234424     
          17          19   1.44125313827736     
          19          20  0.971592749742630     
          15          21  0.113703642560273     
          19          21   1.44124631721897     
          21          22  0.971592782655709     
          14          23   1.44124655174073     
          17          23  0.113703472836051     
          21          23   1.44125301043395     
          23          24  0.971592773619718     
