           1           2  0.971598045267262     
           2           3   1.44124886820848     
           3           4  0.971598051431267     
           3           5   1.44124233455302     
           5           6  0.971598015221827     
           2           7  0.113702078988697     
           5           7   1.44124909048357     
           7           8  0.971598026090985     
           3           9  0.113702172865684     
           7           9   1.44124227279276     
           9          10  0.971598069586706     
           2          11   1.44124250365293     
           5          11  0.113702006386332     
           9          11   1.44124896258186     
          11          12  0.971598068394055     
          13          14  0.971598046803385     
          14          15   1.44124888307552     
          15          16  0.971598060941661     
          15          17   1.44124235458082     
          17          18  0.971598025906107     
          14          19  0.113702086702349     
          17          19   1.44124911017983     
          19          20  0.971598032010595     
          15          21  0.113702181408891     
          19          21   1.44124228620346     
          21          22  0.971598069433788     
          14          23   1.44124251731839     
          17          23  0.113702011308515     
          21          23   1.44124897495254     
          23          24  0.971598062275271     
