$hessian                                                                        
        0.4327311841   0.0318545598  -0.0000015173  -0.4327443908  -0.0318539501
        0.0000010065
        0.0318545598  -0.0311694984  -0.0000001037  -0.0318558449   0.0311696265
        0.0000000688
       -0.0000015173  -0.0000001037  -0.0333466731   0.0000015173   0.0000001037
        0.0333466731
       -0.4327443908  -0.0318558449   0.0000015173   0.4327575975   0.0318552352
       -0.0000010066
       -0.0318539501   0.0311696265   0.0000001037   0.0318552352  -0.0311697547
       -0.0000000688
        0.0000010065   0.0000000688   0.0333466731  -0.0000010066  -0.0000000688
       -0.0333466731
