           2           1  0.971590105482369     
           3           2   1.44125416109387     
           4           3  0.971590207271658     
           5           3   1.44124757008846     
           6           5  0.971590213408854     
           7           5   1.44125435566141     
           8           7  0.971590182025359     
           9           7   1.44124755929225     
          10           9  0.971590144047678     
          11           2   1.44124782766625     
          11           9   1.44125425479360     
          12          11  0.971590097734768     
