$hessian                                                                        
        0.5495633269  -0.0521838786   0.1051037199  -0.3948117168  -0.0174126790
        0.0350828664  -0.0773765831  -0.0457290188  -0.1100717375  -0.0773750271
        0.1153255764  -0.0301148489
       -0.0521838786   0.5254163812   0.1321923371   0.0042501221  -0.0444298411
       -0.0112375591  -0.0439570237  -0.1229418393  -0.1695598681   0.0918907802
       -0.3580447009   0.0486050901
        0.1051037199   0.1321923371   0.3247250065  -0.0085524384  -0.0112402420
       -0.0273705664  -0.0819935672  -0.1297777577  -0.2662020427  -0.0145577144
        0.0088256626  -0.0311523974
       -0.3948117168   0.0042501221  -0.0085524384   0.4289210365  -0.0022979504
        0.0046155834  -0.0170539245  -0.0012680609   0.0018240245  -0.0170553952
       -0.0006841108   0.0021128306
       -0.0174126790  -0.0444298411  -0.0112402420  -0.0022979504   0.0476305868
        0.0127974849  -0.0207829373  -0.0002748819  -0.0003148750   0.0404935666
       -0.0029258638  -0.0012423678
        0.0350828664  -0.0112375591  -0.0273705664   0.0046155834   0.0127974849
        0.0282052043  -0.0350598840  -0.0032586736  -0.0017450010  -0.0046385658
        0.0016987478   0.0009103631
       -0.0773765831  -0.0439570237  -0.0819935672  -0.0170539245  -0.0207829373
       -0.0350598840   0.0901132321   0.0580117386   0.1083336408   0.0043172754
        0.0067282224   0.0087198104
       -0.0457290188  -0.1229418393  -0.1297777577  -0.0012680609  -0.0002748819
       -0.0032586736   0.0580117386   0.1466860452   0.1669598587  -0.0110146589
       -0.0234693240  -0.0339234274
       -0.1100717375  -0.1695598681  -0.2662020427   0.0018240245  -0.0003148750
       -0.0017450010   0.1083336408   0.1669598587   0.2678801816  -0.0000859278
        0.0029148844   0.0000668621
       -0.0773750271   0.0918907802  -0.0145577144  -0.0170553952   0.0404935666
       -0.0046385658   0.0043172754  -0.0110146589  -0.0000859278   0.0901131468
       -0.1213696880   0.0192822079
        0.1153255764  -0.3580447009   0.0088256626  -0.0006841108  -0.0029258638
        0.0016987478   0.0067282224  -0.0234693240   0.0029148844  -0.1213696880
        0.3844398887  -0.0134392948
       -0.0301148489   0.0486050901  -0.0311523974   0.0021128306  -0.0012423678
        0.0009103631   0.0087198104  -0.0339234274   0.0000668621   0.0192822079
       -0.0134392948   0.0301751722
