           1           2   1.27786179140331     
           2           3   1.27786273552571     
           3           4   1.40171300325103     
           4           5   1.40365669461904     
           5           6   1.40171309040058     
           2           7   1.25565444461543     
           6           7   1.27786266552003     
           7           8   1.27786185361308     
           8           9   1.40171411013955     
           1          10   1.40171416935056     
           9          10   1.40365541366833     
           1          11  0.968563649708001     
           3          12  0.968563671379065     
           4          13  0.970675539179161     
           5          14  0.970675537754451     
           6          15  0.968563664112252     
           8          16  0.968563654067261     
           9          17  0.970675536456889     
          10          18  0.970675537670472     
