           1           2  0.971604288179925     
           2           3   1.44124368359424     
           3           4  0.971604287701120     
           3           5   1.44123715182864     
           5           6  0.971604248663366     
           2           7  0.113700396991269     
           5           7   1.44124390685319     
           7           8  0.971604262077354     
           3           9  0.113700491120731     
           7           9   1.44123709070919     
           9          10  0.971604311933981     
           2          11   1.44123731894187     
           5          11  0.113700325703591     
           9          11   1.44124377649004     
          11          12  0.971604314774899     
          13          14  0.971604290505551     
          14          15   1.44124370860319     
          15          16  0.971604299707307     
          15          17   1.44123718504009     
          17          18  0.971604261267074     
          14          19  0.113700408198691     
          17          19   1.44124393875421     
          19          20  0.971604269733000     
          15          21  0.113700503046112     
          19          21   1.44123711316333     
          21          22  0.971604312442125     
          14          23   1.44123734031781     
          17          23  0.113700332986240     
          21          23   1.44124379637693     
          23          24  0.971604307968415     
