           2           1  0.971590085053981     
           3           2   1.44125414775595     
           4           3  0.971590104288008     
           5           3   1.44124761278184     
           6           5  0.971590073595159     
           7           5   1.44125436894894     
           8           7  0.971590078256545     
           9           7   1.44124755019944     
          10           9  0.971590109469380     
          11           2   1.44124778612902     
          11           9   1.44125424510251     
          12          11  0.971590100058259     
