           1           2   1.59802821756413     
           2           4  0.962136152828177     
           5           6   1.20761140640961     
           1           7   1.20780920118669     
           6           8   1.59830876871643     
           2           9   1.27028186608230     
           1          10  0.969163299088220     
           6          11  0.969160846030938     
           7          12   1.13996633790332     
           9          12   1.44887225536337     
           3          13  0.960445292070918     
           8          13   1.27006528847254     
           9          14  0.960550897111491     
           5          15   1.13967684450910     
          12          15   1.15750840482758     
          13          15   1.44920811442741     
           8          16  0.962127478826860     
