           1           2   1.59825871295431     
           4           6  0.969166261064827     
           5           6   1.20765214931684     
           1           7   1.20767018869835     
           6           8   1.59824953053782     
           2           9   1.27005166340266     
           1          10  0.969166597253642     
           8          11  0.962135610403675     
           7          12   1.13990039385225     
           9          12   1.44905963854635     
           3          13  0.960622035154213     
           8          13   1.27007647888637     
           9          14  0.960637905933346     
           5          15   1.13997629946185     
          12          15   1.15737154132237     
          13          15   1.44901629771514     
           2          16  0.962136639516013     
